0,0,
1,0,
2,0,
3,0,
4,7,
5,0,
6,8,
7,5,
8,3,
9,8,
10,8,
11,8,
12,7,
13,3,
14,2,
15,8,
16,2,
17,5,
18,7,
19,5,
20,8,
21,4,
22,8,
23,5,
24,0,
25,0,
26,0,
27,0,
28,8,
29,7,
30,6,
31,9,
32,6,
33,6,
34,1,
35,5,
36,6,
37,8,
38,4,
39,9,
40,4,
41,8,
42,8,
43,0,
44,7,
45,7,
46,7,
47,3,
48,0,
49,0,
50,0,
51,0,
52,0,
53,2,
54,6,
55,2,
56,0,
57,3,
58,8,
59,2,
60,8,
61,1,
62,8,
63,9,
64,9,
65,9,
66,7,
67,0,
68,7,
69,8,
70,4,
71,3,
72,0,
73,0,
74,0,
75,0,
76,0,
77,8,
78,6,
79,3,
80,1,
81,5,
82,9,
83,3,
84,4,
85,2,
86,7,
87,0,
88,9,
89,4,
90,0,
91,8,
92,7,
93,1,
94,0,
95,3,
96,0,
97,0,
98,0,
99,0,
100,4,
101,1,
102,3,
103,0,
104,3,
105,3,
106,5,
107,6,
108,3,
109,5,
110,5,
111,1,
112,7,
113,9,
114,4,
115,9,
116,7,
117,2,
118,9,
119,5,
120,0,
121,0,
122,0,
123,0,
124,9,
125,5,
126,4,
127,8,
128,4,
129,5,
130,0,
131,0,
132,2,
133,2,
134,9,
135,7,
136,1,
137,1,
138,1,
139,7,
140,1,
141,5,
142,5,
143,6,
144,0,
145,0,
146,0,
147,0,
148,0,
149,0,
150,0,
151,0,
152,0,
153,0,
154,0,
155,0,
156,0,
157,0,
158,0,
159,0,
160,0,
161,0,
162,0,
163,0,
164,0,
165,0,
166,0,
167,0,
168,0,
169,0,
170,0,
171,0,
172,0,
173,0,
174,0,
175,0,
176,0,
177,0,
178,0,
179,0,
180,0,
181,0,
182,0,
183,0,
184,0,
185,0,
186,0,
187,0,
188,0,
189,0,
190,0,
191,0,
192,0,
193,0,
194,0,
195,0,
196,5,
197,2,
198,8,
199,4,
200,3,
201,6,
202,4,
203,4,
204,1,
205,2,
206,6,
207,2,
208,7,
209,7,
210,4,
211,3,
212,7,
213,4,
214,5,
215,1,
216,0,
217,0,
218,0,
219,0,
220,0,
221,7,
222,8,
223,0,
224,1,
225,2,
226,1,
227,1,
228,1,
229,5,
230,6,
231,3,
232,4,
233,1,
234,8,
235,0,
236,7,
237,7,
238,2,
239,3,
240,0,
241,0,
242,0,
243,0,
244,7,
245,7,
246,5,
247,0,
248,2,
249,8,
250,3,
251,6,
252,5,
253,8,
254,4,
255,5,
256,9,
257,3,
258,8,
259,7,
260,7,
261,8,
262,1,
263,4,
264,0,
265,0,
266,0,
267,0,
268,7,
269,6,
270,5,
271,9,
272,3,
273,2,
274,4,
275,6,
276,5,
277,7,
278,7,
279,3,
280,3,
281,2,
282,1,
283,7,
284,7,
285,7,
286,2,
287,1,
288,0,
289,0,
290,0,
291,0,
292,9,
293,2,
294,6,
295,5,
296,3,
297,2,
298,1,
299,6,
300,1,
301,1,
302,4,
303,9,
304,4,
305,1,
306,0,
307,8,
308,3,
309,6,
310,1,
311,0,
312,0,
313,0,
314,0,
315,0,
316,4,
317,9,
318,0,
319,1,
320,8,
321,8,
322,6,
323,2,
324,1,
325,5,
326,4,
327,9,
328,7,
329,7,
330,0,
331,9,
332,7,
333,7,
334,7,
335,2,
336,0,
337,0,
338,0,
339,0,
340,0,
341,0,
342,0,
343,0,
344,0,
345,0,
346,0,
347,0,
348,0,
349,0,
350,0,
351,0,
352,0,
353,0,
354,0,
355,0,
356,0,
357,0,
358,0,
359,0,
360,0,
361,0,
362,0,
363,0,
364,0,
365,0,
366,0,
367,0,
368,0,
369,0,
370,0,
371,0,
372,0,
373,0,
374,0,
375,0,
376,0,
377,0,
378,0,
379,0,
380,0,
381,0,
382,0,
383,0,
384,0,
385,0,
386,0,
387,0,
388,0,
389,5,
390,6,
391,8,
392,5,
393,2,
394,7,
395,7,
396,3,
397,2,
398,1,
399,7,
400,5,
401,1,
402,5,
403,0,
404,7,
405,8,
406,8,
407,8,
408,0,
409,0,
410,0,
411,0,
412,1,
413,4,
414,0,
415,7,
416,9,
417,3,
418,4,
419,7,
420,4,
421,4,
422,1,
423,7,
424,9,
425,4,
426,2,
427,8,
428,7,
429,7,
430,6,
431,5,
432,0,
433,0,
434,0,
435,0,
436,4,
437,4,
438,5,
439,3,
440,8,
441,5,
442,6,
443,9,
444,0,
445,8,
446,7,
447,7,
448,5,
449,7,
450,4,
451,5,
452,7,
453,9,
454,8,
455,7,
456,0,
457,0,
458,0,
459,0,
460,2,
461,3,
462,4,
463,0,
464,7,
465,1,
466,0,
467,6,
468,7,
469,2,
470,8,
471,6,
472,9,
473,7,
474,2,
475,5,
476,7,
477,7,
478,0,
479,0,
480,0,
481,0,
482,0,
483,0,
484,3,
485,5,
486,3,
487,0,
488,8,
489,7,
490,9,
491,8,
492,7,
493,4,
494,4,
495,7,
496,7,
497,8,
498,4,
499,0,
500,8,
501,9,
502,8,
503,2,
504,0,
505,0,
506,0,
507,0,
508,8,
509,5,
510,0,
511,9,
512,7,
513,2,
514,5,
515,5,
516,5,
517,5,
518,7,
519,3,
520,8,
521,9,
522,1,
523,1,
524,7,
525,7,
526,5,
527,6,
528,0,
529,0,
530,0,
531,0,
532,0,
533,0,
534,0,
535,0,
536,0,
537,0,
538,0,
539,0,
540,0,
541,0,
542,0,
543,0,
544,0,
545,0,
546,0,
547,0,
548,0,
549,0,
550,0,
551,0,
552,0,
553,0,
554,0,
555,0,
556,0,
557,0,
558,0,
559,0,
560,0,
561,0,
562,0,
563,0,
564,0,
565,0,
566,0,
567,0,
568,0,
569,0,
570,0,
571,0,
572,0,
573,0,
574,0,
575,0,
576,0,
577,0,
578,0,
579,0,
580,0,
581,0,
582,0,
583,0,
584,0,
585,0,
586,0,
587,0,
588,0,
589,0,
590,0,
591,0,
592,0,
593,0,
594,0,
595,0,
596,0,
597,0,
598,0,
599,0,
600,0,
601,0,
602,0,
603,0,
604,0,
605,0,
606,0,
607,0,
608,0,
609,0,
610,0,
611,0,
612,0,
613,0,
614,0,
615,0,
616,0,
617,0,
618,0,
619,0,
620,0,
621,0,
622,0,
623,0,
624,0,
625,0,
626,0,
627,0,
628,0,
629,0,
630,0,
631,0,
632,0,
633,0,
634,0,
635,0,
636,0,
637,0,
638,0,
639,0,
640,0,
641,0,
642,0,
643,0,
644,0,
645,0,
646,0,
647,0,
648,0,
649,0,
650,0,
651,0,
652,0,
653,0,
654,0,
655,0,
656,0,
657,0,
658,0,
659,0,
660,0,
661,0,
662,0,
663,0,
664,0,
665,0,
666,0,
667,0,
668,0,
669,0,
670,0,
671,0,
672,0,
673,0,
674,0,
675,0,
676,0,
677,0,
678,0,
679,0,
680,0,
681,0,
682,0,
683,0,
684,0,
685,0,
686,0,
687,0,
688,0,
689,0,
690,0,
691,0,
692,0,
693,0,
694,0,
695,0,
696,0,
697,0,
698,0,
699,0,
700,0,
701,0,
702,0,
703,0,
704,0,
705,0,
706,0,
707,0,
708,0,
709,0,
710,0,
711,0,
712,0,
713,0,
714,0,
715,0,
716,0,
717,0,
718,0,
719,0,
720,0,
721,0,
722,0,
723,0,
724,0,
725,0,
726,0,
727,0,
728,0,
729,0,
730,0,
731,0,
732,0,
733,0,
734,0,
735,0,
736,0,
737,0,
738,0,
739,0,
740,0,
741,0,
742,0,
743,0,
744,0,
745,0,
746,0,
747,0,
748,0,
749,0,
750,0,
751,0,
752,0,
753,0,
754,0,
755,0,
756,0,
757,0,
758,0,
759,0,
760,0,
761,0,
762,0,
763,0,
764,0,
765,0,
766,0,
767,0,
